599.763062	0.11429223200000001
601.6915604395916	0.112522752
603.6200588791831	0.11113088800000001
605.5485573187748	0.11002590400000001
607.4770557583664	0.109160424
609.405554197958	0.10846944800000001
611.3340526375496	0.10782026400000001
613.2625510771412	0.107003944
615.1910495167328	0.10577697600000001
617.1195479563245	0.10394457600000001
619.048046395916	0.101429344
620.9765448355076	0.09835740800000001
622.9050432750993	0.091618344
624.8335417146909	0.08856470400000001
626.7620401542824	0.086037032
628.6905385938741	0.084149368
630.6190370334657	0.082921904
632.5475354730572	0.08230424
634.4760339126489	0.08248862400000001
636.4045323522405	0.083023128
638.3330307918321	0.083639616
640.2615292314237	0.084160912
642.1900276710153	0.08442041600000001
644.1185261106069	0.08430320000000001
646.0470245501986	0.082934008
647.9755229897901	0.08197100800000001
649.9040214293817	0.08109421600000001
651.8325198689733	0.080484656
653.761018308565	0.080246704
655.6895167481565	0.080382168
657.6180151877481	0.081246096
659.5465136273398	0.08150881600000001
661.4750120669314	0.08132238400000001
663.4035105065229	0.080522384
665.3320089461146	0.079070424
667.2605073857062	0.077045072
669.1890058252977	0.071912944
671.1175042648894	0.069166184
673.046002704481	0.06653107200000001
674.9745011440726	0.064145456
676.9029995836642	0.06210057200000001
678.8314980232558	0.060428
680.7599964628474	0.05804585600000001
682.6884949024391	0.057179576
684.6169933420306	0.056425992
686.5454917816222	0.055733776000000006
688.4739902212139	0.055073536000000006
690.4024886608054	0.05442666
692.330987100397	0.053092144
694.2594855399886	0.0523561
696.1879839795803	0.051551136000000004
698.1164824191719	0.050684052
700.0449808587634	0.049778444000000005
701.9734792983551	0.048877304
703.9019777379467	0.047273840000000004
705.8304761775382	0.04664022
707.7589746171299	0.046141672
709.6874730567215	0.045783784
711.6159714963131	0.04556996
713.5444699359047	0.045501172
715.4729683754963	0.045755164
717.4014668150879	0.0460083
719.3299652546796	0.046263992000000004
721.2584636942711	0.046449032
723.1869621338627	0.046502832
725.1154605734544	0.046397816
727.0439590130459	0.045786284000000003
728.9724574526375	0.045393216
730.9009558922291	0.045031676
732.8294543318208	0.044754696000000004
734.7579527714124	0.044593764
736.6864512110039	0.044561116000000005
738.6149496505956	0.044871168
740.5434480901872	0.045195604
742.4719465297787	0.045612856
744.4004449693704	0.046099232000000004
746.328943408962	0.046625048
748.2574418485535	0.047159456
750.1859402881452	0.048169352000000006
752.1144387277368	0.0486305
754.0429371673284	0.049062532000000006
755.9714356069201	0.049457268000000006
757.8999340465116	0.04979
759.8284324861032	0.050020572000000006
761.7569309256949	0.050013984000000004
763.6854293652864	0.049747344000000006
765.613927804878	0.049339624000000006
767.5424262444697	0.048850184000000005
769.4709246840612	0.048342584
771.3994231236528	0.047862392000000004
773.3279215632444	0.047004920000000006
775.2564200028361	0.046571776
777.1849184424277	0.046091348000000004
779.1134168820192	0.045550056000000005
781.0419153216109	0.044961236
782.9704137612025	0.044355888
784.898912200794	0.043208708000000005
786.8274106403857	0.042678520000000005
788.7559090799773	0.042151084000000005
790.6844075195689	0.04159638
792.6129059591606	0.040993536000000004
794.5414043987521	0.040341288
796.4699028383437	0.038975412
798.3984012779354	0.038323340000000004
800.3268997175269	0.037722084
802.2553981571185	0.037176496
804.1838965967102	0.03668384
806.1123950363017	0.036226396
808.0408934758933	0.03538626
809.969391915485	0.035013404000000005
811.8978903550766	0.034697452000000004
813.8263887946682	0.034467892
815.7548872342597	0.03435744
817.6833856738514	0.034396972000000005
819.611884113443	0.035007032
821.5403825530345	0.035581204000000005
823.4688809926262	0.036306712000000005
825.3973794322178	0.037141436
827.3258778718094	0.038034592
829.2543763114011	0.038937200000000005
831.1828747509926	0.040655332
833.1113731905842	0.041445412
835.0398716301759	0.042198472
836.9683700697674	0.042924156000000005
838.896868509359	0.043625072
840.8253669489507	0.044294668
842.7538653885422	0.0454982
844.6823638281338	0.046027072
846.6108622677255	0.046524428
848.5393607073171	0.047016172
850.4678591469087	0.047529720000000004
852.3963575865002	0.048084116
854.3248560260919	0.049314004
856.2533544656835	0.049953508
858.181852905275	0.050565500000000006
860.1103513448667	0.05112254
862.0388497844583	0.051608788
863.9673482240498	0.052023968000000004
865.8958466636416	0.052710132
867.8243451032331	0.053034388
869.7528435428247	0.053379784000000007
871.6813419824164	0.053760324000000005
873.6098404220079	0.05417720400000001
875.5383388615995	0.05462000400000001
877.4668373011912	0.055516476
879.3953357407827	0.055945168
881.3238341803743	0.056359932
883.252332619966	0.05677506
885.1808310595575	0.05720252000000001
887.1093294991492	0.057652244000000005
889.0378279387407	0.058597216
890.9663263783324	0.059052512
892.894824817924	0.059464768
894.8233232575155	0.05982326
896.7518216971072	0.060138024000000005
898.6803201366988	0.060440496
900.6088185762903	0.061189052
902.5373170158821	0.061710876000000005
904.4658154554736	0.06234694
906.3943138950652	0.063076452
908.3228123346569	0.063859128
910.2513107742484	0.064649712
912.17980921384	0.066135464
914.1083076534317	0.066828488
916.0368060930232	0.06752261600000001
917.9653045326148	0.0682558
919.8938029722065	0.069059928
921.822301411798	0.069950696
923.7507998513897	0.071957112
925.6792982909813	0.073022376
927.6077967305729	0.074093112
929.5362951701645	0.075154792
931.464793609756	0.07620876
933.3932920493477	0.077270752
935.3217904889393	0.079517768
937.2502889285308	0.080747864
939.1787873681225	0.08206582400000001
941.1072858077141	0.08347252000000001
943.0357842473056	0.08496292800000001
944.9642826868974	0.086530464
946.8927811264889	0.089878464
948.8212795660805	0.091652648
950.7497780056722	0.093485072
952.6782764452637	0.095361528
954.6067748848553	0.097260752
956.535273324447	0.09915852800000001
958.4637717640385	0.10288216800000001
960.3922702036302	0.104708432
962.3207686432218	0.10653662400000001
964.2492670828134	0.10840029600000001
966.177765522405	0.11033065600000001
968.1062639619965	0.11234792800000001
970.0347624015882	0.11445640000000001
971.9632608411798	0.116645576
973.8917592807713	0.11889592800000001
975.820257720363	0.12118624
977.7487561599546	0.123499616
979.6772545995461	0.12582558400000002
981.6057530391379	0.128158728
983.5342514787294	0.13049681600000002
985.462749918321	0.132840216
987.3912483579127	0.135194016
989.3197467975042	0.137571616
991.2482452370958	0.13999550400000002
993.1767436766875	0.14249251200000002
995.105242116279	0.145091056
997.0337405558707	0.14780611200000002
998.9622389954623	0.150634352
1000.8907374350539	0.15355536
1002.8192358746455	0.15654
1004.747734314237	0.159562736
1006.6762327538287	0.16261288000000002
1008.6047311934203	0.165697056
1010.5332296330118	0.16883334400000002
1012.4617280726035	0.172038944
1014.3902265121951	0.17531812800000002
1016.3187249517866	0.178658528
1018.2472233913784	0.18203729600000002
1020.1757218309699	0.18543436800000002
1022.1042202705615	0.18884593600000002
1024.0327187101532	0.192287872
1025.9612171497447	0.195796416
1027.8897155893364	0.199407136
1029.818214028928	0.203141696
1031.7467124685195	0.206998848
1033.6752109081112	0.2109568
1035.6037093477028	0.214983008
1037.5322077872943	0.21904420800000002
1039.460706226886	0.223110528
1041.3892046664776	0.227147488
1043.317703106069	0.231101936
1045.2462015456608	0.23488968000000002
1047.1746999852523	0.238394544
1049.1031984248439	0.24148244800000002
1051.0316968644356	0.24402593600000003
1052.9601953040271	0.245927632
1054.888693743619	0.24712892800000003
1056.8171921832104	0.247614352
1058.7456906228022	0.247385712
1060.6741890623937	0.24644916800000002
1062.6026875019852	0.244810832
1064.531185941577	0.242485568
1066.4596843811685	0.23951300800000003
1068.38818282076	0.235969168
1070.3166812603517	0.23196332800000002
1072.2451796999433	0.227621296
1074.1736781395348	0.223060432
1076.1021765791265	0.21837067200000002
1078.030675018718	0.21360740800000003
1079.9591734583096	0.208799952
1081.8876718979013	0.203968224
1083.8161703374928	0.19913832
1085.7446687770844	0.19434852800000002
1087.6731672166761	0.18964976
1089.6016656562676	0.185089536
1091.5301640958594	0.18070190400000002
1093.458662535451	0.176502304
1095.3871609750424	0.17249008000000002
1097.3156594146342	0.16865675200000002
1099.2441578542257	0.16499334400000001
1101.1726562938175	0.16149417600000002
1103.101154733409	0.15815512
1105.0296531730005	0.154969504
1106.9581516125922	0.151925376
1108.8866500521838	0.14900732800000002
1110.8151484917753	0.14620254400000002
1112.743646931367	0.143507264
1114.6721453709586	0.14092964800000002
1116.60064381055	0.138485824
1118.5291422501418	0.136192992
1120.4576406897334	0.134057328
1122.3861391293249	0.132068392
1124.3146375689166	0.130200328
1126.2431360085081	0.128419936
1128.1716344480997	0.12669786400000002
1130.1001328876914	0.125017912
1132.0286313272832	0.12338024800000001
1133.9571297668745	0.12179820000000001
1135.8856282064662	0.120290592
1137.814126646058	0.11887416
1139.7426250856495	0.11755923200000001
1141.671123525241	0.11634924
1143.5996219648327	0.11524295200000001
1145.5281204044243	0.11423630400000001
1147.4566188440158	0.11332238400000001
1149.3851172836075	0.112489584
1151.313615723199	0.11171924000000001
1153.2421141627906	0.11098604000000001
1155.1706126023823	0.11026256000000001
1157.0991110419739	0.10952652
1159.0276094815654	0.108767792
1160.9561079211571	0.10799096000000001
1162.8846063607486	0.10721175200000001
1164.8131048003402	0.10644768
1166.741603239932	0.105706536
1168.6701016795237	0.10497814400000001
1170.598600119115	0.1042324
1172.5270985587067	0.10342477600000001
1174.4555969982985	0.102506312
1176.38409543789	0.10143388
1178.3125938774815	0.100176872
1180.2410923170733	0.09871668800000001
1182.1695907566648	0.09704385600000001
1184.0980891962563	0.095152424
1186.026587635848	0.093036728
1187.9550860754396	0.09069049600000001
1189.883584515031	0.085286232
1191.8120829546228	0.082223848
1193.7405813942144	0.078922752
1195.6690798338059	0.07538884
1197.5975782733976	0.07163620000000001
1199.5260767129892	0.067693392
1201.4545751525807	0.059453352
1203.3830735921724	0.055310368000000006
1205.3115720317642	0.05126892
1207.2400704713555	0.047400636
1209.1685689109472	0.043756732
1211.097067350539	0.040362876000000006
1213.0255657901305	0.034330024
1214.954064229722	0.031669050000000004
1216.8825626693138	0.029228488
1218.8110611089053	0.026999698000000003
1220.7395595484968	0.024976444
1222.6680579880885	0.023152330000000002
1224.59655642768	0.020060254
1226.5250548672716	0.01876113
1228.4535533068633	0.01760101
1230.3820517464549	0.016560276000000002
1232.3105501860464	0.015626136000000002
1234.2390486256381	0.014780514000000002
1236.1675470652297	0.013315412
1238.0960455048212	0.012680132
1240.024543944413	0.012098696
1241.9530423840047	0.011560934
1243.881540823596	0.01105525
1245.8100392631877	0.010570221000000001
1247.7385377027795	0.009631103
1249.6670361423708	0.009175413
1251.5955345819625	0.008738559
1253.5240330215543	0.00833356
1255.4525314611458	0.007974266
1257.3810299007373	0.007671842000000001
1259.309528340329	0.007142641000000001
1261.2380267799206	0.007052636
1263.166525219512	0.006972874
1265.0950236591038	0.006881906
1267.0235220986954	0.006766327000000001
1268.952020538287	0.006625797
1270.8805189778786	0.006220224000000001
1272.8090174174702	0.0061557470000000005
1274.7375158570617	0.006141189
1276.6660142966534	0.0061676790000000006
1278.594512736245	0.006216337000000001
1280.5230111758365	0.00626378
1282.4515096154282	0.006276698000000001
1284.38000805502	0.006234853
1286.3085064946113	0.0061940580000000005
1288.237004934203	0.006168493000000001
1290.1655033737948	0.006164875
1292.0940018133863	0.006182399000000001
1294.0225002529778	0.006325433
1295.9509986925696	0.0064062960000000006
1297.879497132161	0.006513109
1299.8079955717526	0.006649428000000001
1301.7364940113443	0.006812451000000001
1303.6649924509359	0.006991405
1305.5934908905274	0.007472329000000001
1307.5219893301191	0.0075519820000000005
1309.4504877697107	0.0075838550000000005
1311.3789862093022	0.007578008000000001
1313.307484648894	0.007550407
1315.2359830884855	0.007518584000000001
1317.164481528077	0.007554146
1319.0929799676687	0.007649544
1321.0214784072605	0.007794845000000001
1322.9499768468518	0.007981025000000001
1324.8784752864435	0.008186413
1326.8069737260353	0.008380227
1328.7354721656268	0.008678623
1330.6639706052183	0.008685377000000001
1332.59246904481	0.008684174000000001
1334.5209674844016	0.008704057000000001
1336.449465923993	0.008767712
1338.3779643635849	0.008887001
1340.3064628031764	0.009522554
1342.234961242768	0.009774747
1344.1634596823596	0.010022032
1346.0919581219512	0.01025587
1348.0204565615427	0.010472358000000001
1349.9489550011344	0.010671529
1351.877453440726	0.01102849
1353.8059518803175	0.011208316000000001
1355.7344503199092	0.011399512
1357.662948759501	0.011602137
1359.5914471990923	0.011808974000000002
1361.519945638684	0.012009901
1363.4484440782758	0.012370212
1365.3769425178673	0.012532508000000001
1367.3054409574588	0.012690946000000002
1369.2339393970506	0.012848407000000001
1371.162437836642	0.012999371000000001
1373.0909362762336	0.013130226
1375.0194347158254	0.013276292
1376.9479331554169	0.013285452000000001
1378.8764315950084	0.013278089000000002
1380.8049300346001	0.013292221000000002
1382.7334284741917	0.013374355000000001
1384.6619269137832	0.013564085
1386.590425353375	0.014290782
1388.5189237929665	0.014761319
1390.447422232558	0.015231328
1392.3759206721497	0.015652528000000002
1394.3044191117415	0.015994519000000002
1396.2329175513328	0.016248001
1398.1614159909245	0.016548961
1400.0899144305163	0.016656095000000003
1402.0184128701078	0.016773078
1403.9469113096993	0.016908456000000002
1405.875409749291	0.017069504000000003
1407.8039081888826	0.01724513
1409.732406628474	0.017559022
1411.6609050680659	0.017655836
1413.5894035076574	0.017698908000000003
1415.517901947249	0.017695076
1417.4464003868407	0.017662336
1419.3748988264322	0.017624242000000002
1421.3033972660237	0.017633950000000002
1423.2318957056154	0.01772612
1425.160394145207	0.0178869
1427.0888925847985	0.018096272
1429.0173910243902	0.018315882000000002
1430.945889463982	0.018508450000000003
1432.8743879035733	0.018779822
1434.802886343165	0.018870832
1436.7313847827568	0.018940688
1438.659883222348	0.018987052
1440.5883816619398	0.019002302000000002
1442.5168801015316	0.018981882000000002
1444.445378541123	0.018873226
1446.3738769807146	0.018823732000000003
1448.3023754203064	0.018796592
1450.2308738598979	0.018793112
1452.1593722994894	0.01880586
1454.0878707390812	0.018824448
1456.0163691786727	0.018856876
1457.9448676182642	0.018877974000000002
1459.873366057856	0.01891402
1461.8018644974475	0.018969398000000002
1463.730362937039	0.019039104
1465.6588613766307	0.019108624
1467.5873598162223	0.019168880000000003
1469.5158582558138	0.019130878
1471.4443566954055	0.019046914
1473.3728551349973	0.018932026
1475.3013535745886	0.018807632
1477.2298520141803	0.018693070000000003
1479.158350453772	0.018522634
1481.0868488933636	0.01845581
1483.0153473329551	0.018385748
1484.9438457725469	0.01830501
1486.8723442121384	0.018213538
1488.80084265173	0.018118386
1490.7293410913217	0.01795778
1492.6578395309132	0.017904530000000002
1494.5863379705047	0.01786722
1496.5148364100964	0.017839882
1498.443334849688	0.017819216000000002
1500.3718332892795	0.01780853
1502.3003317288712	0.017855552
1504.2288301684628	0.0179315
1506.1573286080543	0.018043144
1508.085827047646	0.018178394
1510.0143254872378	0.018319126
1511.942823926829	0.018447618000000002
1513.8713223664208	0.018643978000000002
1515.7998208060126	0.01872686
1517.728319245604	0.01882029
1519.6568176851956	0.018937876000000003
1521.5853161247874	0.019083026
1523.513814564379	0.019247474
1525.4423130039704	0.01958754
1527.3708114435622	0.019757036000000002
1529.2993098831537	0.019933676
1531.2278083227452	0.020124100000000002
1533.156306762337	0.020330002
1535.0848052019285	0.020546104000000003
1537.01330364152	0.020965612
1538.9418020811117	0.021153070000000003
1540.8703005207033	0.021329240000000003
1542.7987989602948	0.021507394000000003
1544.7272973998865	0.021701426000000003
1546.6557958394783	0.021917036
1548.5842942790696	0.022372848
1550.5127927186613	0.022576534000000002
1552.441291158253	0.022749944
1554.3697895978446	0.022901636000000003
1556.2982880374361	0.023054784000000002
1558.2267864770279	0.023240482
1560.1552849166194	0.023817328000000002
1562.083783356211	0.024219646
1564.0122817958027	0.02466459
1565.9407802353942	0.025110988
1567.8692786749857	0.025529514000000003
1569.7977771145775	0.025913286
1571.726275554169	0.026616664
1573.6547739937605	0.026954244000000002
1575.5832724333522	0.027278566
1577.5117708729438	0.027575548000000002
1579.4402693125353	0.027832056
1581.368767752127	0.028045106
1583.2972661917188	0.028386972000000003
1585.22576463131	0.028550802
1587.1542630709018	0.028730380000000003
1589.0827615104936	0.028935492
1591.0112599500849	0.029172018
1592.9397583896766	0.02944079
1594.8682568292684	0.030052294
1596.79675526886	0.030373948
1598.7252537084514	0.030689688000000003
1600.6537521480432	0.030988032000000002
1602.5822505876347	0.031259272000000005
1604.5107490272262	0.031496366000000005
1606.439247466818	0.031859358000000004
1608.3677459064095	0.031990106000000004
1610.296244346001	0.032092526
1612.2247427855928	0.032169476
1614.1532412251843	0.032222480000000005
1616.0817396647758	0.032253330000000004
1618.0102381043675	0.032272632
1619.938736543959	0.032278592
1621.8672349835506	0.032290884
1623.7957334231423	0.032306704
1625.7242318627339	0.032313984000000004
1627.6527303023256	0.032297268000000004
1629.5812287419171	0.032168264
1631.5097271815087	0.032077272000000004
1633.4382256211004	0.031997464
1635.366724060692	0.031948614
1637.2952225002837	0.031939228
1639.2237209398752	0.031962734
1641.1522193794667	0.032019186000000005
1643.0807178190585	0.032002140000000005
1645.00921625865	0.031940356
1646.9377146982415	0.031845660000000005
1648.8662131378333	0.031741700000000005
1650.7947115774248	0.031651024
1652.7232100170163	0.031541764
1654.651708456608	0.031509288
1656.5802068961996	0.03147329
1658.5087053357913	0.031422892
1660.4372037753828	0.031353176
1662.3657022149744	0.031263690000000004
1664.294200654566	0.031022696000000002
1666.2226990941576	0.030862574
1668.1511975337492	0.030668510000000003
1670.079695973341	0.030441304000000002
1672.0081944129324	0.030191748
1673.9366928525242	0.029939666
1675.8651912921157	0.029503878
1677.7936897317072	0.029330656000000004
1679.722188171299	0.029172118
1681.6506866108905	0.029009042000000002
1683.579185050482	0.028826844
1685.5076834900738	0.028622844
1687.4361819296653	0.028208472000000002
1689.3646803692568	0.028044564
1691.2931788088486	0.027932044000000003
1693.22167724844	0.027871766000000003
1695.1501756880318	0.027853188
1697.0786741276233	0.027860882
1699.0071725672149	0.027896772
1700.9356710068066	0.027903418000000003
1702.8641694463981	0.02789362
1704.7926678859897	0.027865278
1706.7211663255814	0.027821826
1708.649664765173	0.027773858000000002
1710.5781632047647	0.027734706
1712.5066616443562	0.027779090000000003
1714.4351600839477	0.027880044000000003
1716.3636585235395	0.028037168
1718.292156963131	0.028243086
1720.2206554027225	0.028486834000000003
1722.1491538423143	0.029047908
1724.0776522819058	0.029353666
1726.0061507214973	0.029673440000000002
1727.934649161089	0.03000571
1729.8631476006806	0.030346838
1731.7916460402723	0.030690836000000003
1733.7201444798638	0.031365018
1735.6486429194554	0.031692884000000004
1737.5771413590471	0.032021482000000004
1739.5056397986386	0.032360632
1741.4341382382302	0.03272029
1743.362636677822	0.033107228
1745.2911351174134	0.0339648
1747.219633557005	0.034424800000000005
1749.1481319965967	0.034894104
1751.0766304361882	0.03536256
1753.00512887578	0.035819448000000004
1754.9336273153715	0.036254140000000004
1756.862125754963	0.037023364
1758.7906241945548	0.037351768
1760.7191226341463	0.037648416000000004
1762.6476210737378	0.037924232
1764.5761195133296	0.038191928
1766.504617952921	0.03846152
1768.4331163925128	0.039005676
1770.3616148321044	0.039255368000000006
1772.2901132716959	0.03946446
1774.2186117112876	0.039618288
1776.1471101508791	0.039714536
1778.0756085904707	0.039765140000000004
1780.0041070300624	0.039822028
1781.932605469654	0.039874288
1783.8611039092455	0.03995912
1785.7896023488372	0.040074016000000004
1787.7181007884287	0.040206308
1789.6465992280205	0.040338168
1791.575097667612	0.040536636
1793.5035961072035	0.040586080000000004
1795.4320945467953	0.04060256
1797.3605929863868	0.040593408000000004
1799.2890914259783	0.040569588000000004
1801.21758986557	0.040544496
1803.1460883051616	0.040546276
1805.074586744753	0.040596072000000004
1807.0030851843449	0.040685048
1808.9315836239364	0.040808964
1810.8600820635281	0.040957088
1812.7885805031196	0.041116544000000005
1814.7170789427112	0.04143908
1816.645577382303	0.04160756
1818.5740758218944	0.041795824
1820.502574261486	0.042016160000000004
1822.4310727010777	0.042275404
1824.3595711406692	0.042572540000000006
1826.288069580261	0.043250500000000004
1828.2165680198525	0.043617564000000004
1830.145066459444	0.044003788
1832.0735648990358	0.044418536
1834.0020633386273	0.044875016000000004
1835.9305617782188	0.045384900000000006
1837.8590602178106	0.046579008000000005
1839.787558657402	0.047252056
1841.7160570969936	0.047961644000000005
1843.6445555365854	0.04869836
1845.5730539761769	0.049457428000000005
1847.5015524157686	0.050239528000000006
1849.4300508553602	0.051896324
1851.3585492949517	0.052787940000000005
1853.2870477345434	0.053733756
1855.215546174135	0.054741296
1857.1440446137265	0.055816296
1859.0725430533182	0.056961476000000004
1861.0010414929097	0.05945525200000001
1862.9295399325015	0.060792652
1864.858038372093	0.062180808000000004
1866.7865368116845	0.06361370400000001
1868.7150352512763	0.065087668
1870.6435336908678	0.06660115600000001
1872.5720321304593	0.069742544
1874.500530570051	0.07136468800000001
1876.4290290096426	0.073013408
1878.357527449234	0.07468111200000001
1880.2860258888259	0.076360864
1882.2145243284174	0.07804738400000001
1884.1430227680091	0.081431984
1886.0715212076007	0.083128464
1888.0000196471922	0.084825088
1889.928518086784	0.08651649600000001
1891.8570165263754	0.088194216
1893.785514965967	0.08984757600000001
1895.7140134055587	0.093039064
1897.6425118451502	0.0945618
1899.5710102847418	0.09603164800000001
1901.4995087243335	0.09744952000000001
1903.428007163925	0.098817976
1905.3565056035168	0.10013892
1907.2850040431083	0.10263314400000001
1909.2135024826998	0.10379508800000001
1911.1420009222916	0.104888112
1913.070499361883	0.10590228
1914.9989978014746	0.10682984000000001
1916.9274962410664	0.10766764000000001
1918.855994680658	0.108418968
1920.7844931202496	0.109094384
1922.7129915598412	0.10971080000000001
1924.6414899994327	0.110289152
1926.5699884390244	0.11085080000000001
1928.498486878616	0.111412776
1930.4269853182075	0.11198413600000001
1932.3554837577992	0.11256420800000001
1934.2839821973907	0.11314336000000001
1936.2124806369823	0.11370635200000001
1938.140979076574	0.11423748
1940.0694775161655	0.11472510400000001
1941.9979759557573	0.115164784
1943.9264743953488	0.115559664
1945.8549728349403	0.11591841600000001
1947.783471274532	0.11625163200000001
1949.7119697141236	0.11656824
1951.6404681537151	0.11687331200000001
1953.5689665933069	0.117168064
1955.4974650328984	0.117451016
1957.42596347249	0.11772028000000001
1959.3544619120817	0.11797487200000001
1961.2829603516732	0.118215464
1963.211458791265	0.118443584
1965.1399572308565	0.118660184
1967.068455670448	0.11886423200000001
1968.9969541100397	0.11905284000000001
1970.9254525496312	0.11922110400000001
1972.8539509892228	0.1193638
1974.7824494288145	0.119477104
1976.710947868406	0.119560288
1978.6394463079978	0.119616368
1980.5679447475893	0.11965188
1982.4964431871808	0.11967530400000001
1984.4249416267726	0.11969502400000001
1986.353440066364	0.119716968
1988.2819385059556	0.11974319200000001
1990.2104369455474	0.11977156800000001
1992.138935385139	0.11979697600000001
1994.0674338247304	0.11981361600000001
1995.9959322643222	0.119817504
1997.9244307039137	0.119807432
1999.8529291435054	0.119785784
2001.781427583097	0.119755656
2003.7099260226885	0.11971883200000001
2005.6384244622802	0.119673872
2007.5669229018717	0.11961635200000001
2009.4954213414633	0.11954088
2011.423919781055	0.11944428800000001
2013.3524182206465	0.1193284
2015.2809166602383	0.119200624
2017.2094150998298	0.119071808
2019.1379135394213	0.11895244
2021.066411979013	0.11884836800000001
2022.9949104186046	0.118758792
2024.9234088581961	0.118677024
2026.8519072977879	0.118594024
2028.7804057373794	0.11850241600000001
2030.708904176971	0.11840022400000001
2032.6374026165627	0.118290168
2034.5659010561542	0.118177496
2036.494399495746	0.118066584
2038.4228979353375	0.11795863200000001
2040.351396374929	0.117851936
2042.2798948145207	0.117744968
2044.2083932541123	0.11763976000000001
2046.1368916937038	0.117543936
2048.0653901332953	0.117468976
2049.993888572887	0.11742588000000001
2051.922387012479	0.11741923200000001
2053.8508854520705	0.11744388
2055.779383891662	0.117485424
2057.7078823312536	0.11752592
2059.636380770845	0.11755072800000001
2061.5648792104366	0.11755628000000001
2063.4933776500284	0.117551
2065.42187608962	0.11755259200000001
2067.3503745292114	0.11758014400000001
2069.278872968803	0.117646176
2071.2073714083945	0.117751144
2073.135869847986	0.117883632
2075.064368287578	0.11802556800000001
2076.9928667271697	0.118159568
2078.9213651667615	0.11827524800000001
2080.8498636063528	0.11837214400000001
2082.778362045944	0.11845776000000001
2084.706860485536	0.118543824
2086.6353589251275	0.11864160800000001
2088.5638573647193	0.11875932
2090.492355804311	0.11890147200000001
2092.4208542439023	0.119070432
2094.349352683494	0.11926636
2096.2778511230854	0.119487648
2098.206349562677	0.11973027200000001
2100.134848002269	0.11998760800000001
2102.0633464418606	0.12025152800000001
2103.991844881452	0.12051476800000001
2105.9203433210437	0.12077388800000001
2107.848841760635	0.12103084
2109.7773402002267	0.12129172
2111.7058386398185	0.1215634
2113.63433707941	0.12184844
2115.562835519002	0.122141752
2117.4913339585933	0.122431224
2119.4198323981846	0.12270344000000001
2121.3483308377763	0.12295272
2123.276829277368	0.12318956
2125.20532771696	0.12344321600000001
2127.1338261565515	0.12375391200000001
2129.062324596143	0.124154704
2130.9908230357346	0.124650256
2132.919321475326	0.125203344
2134.8478199149176	0.125741856
2136.7763183545094	0.12618673600000002
2138.704816794101	0.126490432
2140.6333152336924	0.126663816
2142.561813673284	0.126775112
2144.4903121128755	0.12691280000000002
2146.418810552467	0.12713788
2148.347308992059	0.127457912
2150.2758074316507	0.12783888000000002
2152.2043058712425	0.12823468000000002
2154.1328043108338	0.128611568
2156.061302750425	0.128958176
2157.989801190017	0.129285768
2159.9182996296086	0.129622136
2161.8467980692003	0.130000064
2163.775296508792	0.13043684
2165.7037949483833	0.130909664
2167.632293387975	0.131351664
2169.5607918275664	0.13168968
2171.489290267158	0.13189228
2173.41778870675	0.131973728
2175.3462871463416	0.13196333600000001
2177.274785585933	0.131885368
2179.2032840255247	0.131757928
2181.131782465116	0.131599024
2183.0602809047077	0.131429864
2184.9887793442995	0.13127386400000002
2186.917277783891	0.131153496
2188.845776223483	0.13108656000000002
2190.7742746630743	0.13108292800000002
2192.7027731026656	0.131143272
2194.6312715422573	0.131259224
2196.559769981849	0.13141533600000002
2198.488268421441	0.13159362400000002
2200.4167668610326	0.13177803200000002
2202.345265300624	0.131958616
2204.2737637402156	0.132133408
2206.202262179807	0.132307208
2208.1307606193986	0.132488816
2210.0592590589904	0.13268822400000002
2211.987757498582	0.132914432
2213.9162559381734	0.133175008
2215.844754377765	0.13347599200000002
2217.7732528173565	0.13382064800000001
2219.7017512569482	0.134207672
2221.63024969654	0.13462886400000001
2223.5587481361317	0.135068736
2225.4872465757235	0.13550696
2227.4157450153148	0.13592368000000002
2229.344243454906	0.13630608
2231.272741894498	0.136652976
2233.2012403340896	0.136975136
2235.1297387736813	0.137290864
2237.058237213273	0.137618288
2238.9867356528644	0.13796824000000002
2240.9152340924556	0.13834052800000002
2242.8437325320474	0.138725584
2244.772230971639	0.139109856
2246.700729411231	0.139482896
2248.6292278508226	0.13984163200000002
2250.557726290414	0.14019051200000002
2252.4862247300057	0.140537472
2254.414723169597	0.140888288
2256.3432216091887	0.141242736
2258.2717200487805	0.141594288
2260.2002184883722	0.141933856
2262.128716927964	0.142255088
2264.0572153675553	0.142558448
2265.9857138071466	0.142851776
2267.9142122467383	0.14314704
2269.84271068633	0.14345491200000002
2271.771209125922	0.143779824
2273.6997075655136	0.144118208
2275.628206005105	0.144459936
2277.556704444696	0.144792512
2279.485202884288	0.14510540800000002
2281.4137013238796	0.145393072
2283.3421997634714	0.14565536
2285.270698203063	0.145896032
2287.1991966426544	0.146120736
2289.127695082246	0.14633547200000002
2291.0561935218375	0.146546064
2292.9846919614292	0.146758368
2294.913190401021	0.146977344
2296.8416888406127	0.14720649600000002
2298.770187280204	0.147446048
2300.698685719796	0.14769211200000001
2302.627184159387	0.147937328
2304.555682598979	0.148173136
2306.4841810385706	0.148392672
2308.4126794781623	0.14859366400000001
2310.341177917754	0.148778176
2312.2696763573454	0.148951296
2314.1981747969367	0.149117792
2316.1266732365284	0.14927976
2318.05517167612	0.149435856
2319.983670115712	0.149583152
2321.9121685553037	0.14971992
2323.840666994895	0.14984830400000002
2325.7691654344867	0.149974416
2327.697663874078	0.150106272
2329.6261623136697	0.15024969600000002
2331.5546607532615	0.150405216
2333.4831591928532	0.150566528
2335.4116576324445	0.150722128
2337.3401560720363	0.150858992
2339.2686545116276	0.15096624
2341.1971529512193	0.15103755200000002
2343.125651390811	0.15107144
2345.054149830403	0.151069904
2346.9826482699946	0.15103688
2348.911146709586	0.15097752
2350.839645149177	0.15089897600000002
2352.768143588769	0.15081104
2354.6966420283607	0.150726208
2356.6251404679524	0.15065736000000002
2358.553638907544	0.15061432
2360.4821373471354	0.150599648
2362.410635786727	0.15060699200000002
2364.3391342263185	0.15062208000000002
2366.2676326659102	0.150627376
2368.196131105502	0.15060737600000002
2370.1246295450937	0.15055332800000001
2372.053127984685	0.150464608
2373.981626424277	0.150346912
2375.910124863868	0.150208416
2377.83862330346	0.15005616000000002
2379.7671217430516	0.14989427200000002
2381.6956201826433	0.14972438400000002
2383.624118622235	0.14954772800000002
2385.5526170618264	0.14936664000000002
2387.4811155014177	0.149184176
2389.4096139410094	0.149002832
2391.338112380601	0.14882232
2393.266610820193	0.14863928
2395.1951092597847	0.148449264
2397.123607699376	0.148250416
2399.0521061389677	0.148046576
2400.980604578559	0.147848112
2402.9091030181507	0.147668624
2404.8376014577425	0.147518976
2406.7660998973342	0.147401488
2408.6945983369255	0.147307408
2410.6230967765173	0.14721912
2412.5515952161086	0.147117152
2414.4800936557003	0.14698798400000002
2416.408592095292	0.14682963200000002
2418.337090534884	0.146651376
2420.2655889744756	0.146468384
2422.194087414067	0.146293152
2424.122585853658	0.14612867200000001
2426.05108429325	0.14596608
2427.9795827328417	0.145788512
2429.9080811724334	0.145578656
2431.836579612025	0.14532664
2433.7650780516165	0.145034128
2435.693576491208	0.144713216
2437.6220749307995	0.144381072
2439.5505733703912	0.144053536
2441.479071809983	0.143740336
2443.4075702495747	0.143444432
2445.336068689166	0.143164128
2447.264567128758	0.142896624
2449.193065568349	0.14263979200000002
2451.121564007941	0.14239152000000002
2453.0500624475326	0.14214776
2454.9785608871243	0.141900832
2456.907059326716	0.141639968
2458.8355577663074	0.14135512
2460.7640562058987	0.141041456
2462.6925546454904	0.140702992
2464.621053085082	0.14035212800000002
2466.549551524674	0.140005664
2468.4780499642657	0.139678576
2470.406548403857	0.139378944
2472.3350468434487	0.13910603200000002
2474.26354528304	0.13885302400000002
2476.1920437226318	0.13861192
2478.1205421622235	0.13837812800000002
2480.0490406018152	0.13815137600000002
2481.9775390414065	0.13793355200000001
2483.9060374809983	0.13772361600000002
2485.8345359205896	0.1375144
2487.7630343601813	0.137292576
2489.691532799773	0.13704332800000002
2491.620031239365	0.136757248
2493.5485296789566	0.136436096
2495.477028118548	0.136094096
2497.405526558139	0.135754112
2499.334024997731	0.13543950400000002
2501.2625234373227	0.135166752
2503.1910218769144	0.134940832
2505.119520316506	0.134756112
2507.0480187560975	0.13460088
2508.976517195689	0.13446323200000002
2510.9050156352805	0.13433430400000002
2512.8335140748723	0.134208096
2514.762012514464	0.13407823200000002
2516.6905109540558	0.133935136
2518.619009393647	0.133765608
2520.547507833239	0.133556544
2522.47600627283	0.133300616
2524.404504712422	0.133001536
2526.3330031520136	0.132674856
2528.2615015916053	0.132343856
2530.190000031197	0.132031864
2532.1184984707884	0.13175440000000002
2534.0469969103797	0.131514816
2535.9754953499714	0.131305584
2537.903993789563	0.13111356000000002
2539.832492229155	0.130926744
2541.7609906687467	0.13073848000000002
2543.689489108338	0.130547392
2545.6179875479293	0.13035372
2547.546485987521	0.13015480000000001
2549.4749844271128	0.129942792
2551.4034828667045	0.12970688
2553.3319813062963	0.129438248
2555.2604797458876	0.129135792
2557.1889781854793	0.12880868
2559.1174766250706	0.128474216
2561.0459750646623	0.128151712
2562.974473504254	0.127855464
2564.902971943846	0.127590264
2566.8314703834376	0.12735174400000002
2568.759968823029	0.127130928
2570.68846726262	0.126920672
2572.616965702212	0.126719744
2574.5454641418037	0.12653292000000002
2576.4739625813954	0.126366528
2578.402461020987	0.126222728
2580.3309594605785	0.126094792
2582.2594579001698	0.12596705600000002
2584.1879563397615	0.125819296
2586.1164547793533	0.125633872
2588.044953218945	0.125401856
2589.9734516585368	0.12512620000000002
2591.901950098128	0.12482052800000001
2593.83044853772	0.124504584
2595.758946977311	0.12419832
2597.687445416903	0.123917408
2599.6159438564946	0.12367069600000001
2601.5444422960863	0.12345984800000001
2603.472940735678	0.123279944
2605.4014391752694	0.123120776
2607.3299376148607	0.122968248
2609.2584360544524	0.122806968
2611.186934494044	0.12262352800000001
2613.115432933636	0.12241115200000001
2615.0439313732277	0.12217253600000001
2616.972429812819	0.12192095200000001
2618.9009282524103	0.12167647200000001
2620.829426692002	0.12145976800000001
2622.7579251315938	0.12128425600000001
2624.6864235711855	0.12115097600000001
2626.6149220107773	0.12104782400000001
2628.5434204503686	0.120954088
2630.4719188899603	0.12084796
2632.4004173295516	0.12071430400000001
2634.3289157691434	0.120548688
2636.257414208735	0.12035686400000001
2638.185912648327	0.12015012000000001
2640.114411087918	0.11993941600000001
2642.04290952751	0.119731184
2643.971407967101	0.119526408
2645.899906406693	0.11932256000000001
2647.8284048462847	0.11911734400000001
2649.7569032858764	0.11891080000000001
2651.6854017254677	0.11870528000000001
2653.6139001650595	0.11850321600000001
2655.542398604651	0.118304616
2657.4708970442425	0.11810540000000001
2659.3993954838343	0.117898976
2661.327893923426	0.117679216
2663.2563923630173	0.11744388800000001
2665.184890802609	0.117195608
2667.113389242201	0.11694111200000001
2669.041887681792	0.11668826400000001
2670.970386121384	0.11644392
2672.8988845609756	0.116213144
2674.8273830005674	0.11600024800000001
2676.7558814401586	0.11581003200000001
2678.6843798797504	0.115648264
2680.612878319342	0.11551964
2682.5413767589334	0.11542436
2684.469875198525	0.11535500800000001
2686.398373638117	0.115296456
2688.3268720777082	0.11522945600000001
2690.2553705173	0.115137024
2692.1838689568917	0.115011232
2694.112367396483	0.114856656
2696.0408658360748	0.11468860800000001
2697.9693642756665	0.11452667200000001
2699.897862715258	0.114386368
2701.8263611548496	0.11427288000000001
2703.7548595944413	0.11417984
2705.6833580340326	0.11409356000000001
2707.6118564736244	0.114000312
2709.540354913216	0.11389320000000001
2711.468853352808	0.113774416
2713.397351792399	0.113652712
2715.325850231991	0.11353700800000001
2717.2543486715826	0.11343045600000001
2719.182847111174	0.11332711200000001
2721.1113455507657	0.113214216
2723.0398439903574	0.11307728
2724.9683424299487	0.11290654400000001
2726.8968408695405	0.112699936
2728.8253393091322	0.112462768
2730.7538377487235	0.11220344800000001
2732.6823361883153	0.11192976800000001
2734.610834627907	0.11164704
2736.5393330674983	0.11135968
2738.46783150709	0.111073848
2740.396329946682	0.11079949600000001
2742.324828386273	0.11054878400000001
2744.253326825865	0.110331968
2746.1818252654566	0.110152568
2748.1103237050484	0.11000491200000001
2750.0388221446397	0.10987550400000001
2751.9673205842314	0.10974803200000001
2753.895819023823	0.10960952800000001
2755.8243174634144	0.109454888
2757.752815903006	0.10928678400000001
2759.681314342598	0.109112176
2761.6098127821892	0.10893678400000001
2763.538311221781	0.10876163200000001
2765.4668096613727	0.10858305600000001
2767.395308100964	0.10839656
2769.323806540556	0.10820176000000001
2771.2523049801475	0.10800504000000001
2773.180803419739	0.10781713600000001
2775.1093018593306	0.107647848
2777.0378002989223	0.107499488
2778.9662987385136	0.1073646
2780.8947971781054	0.107228296
2782.823295617697	0.10707568
2784.751794057289	0.10689933600000001
2786.68029249688	0.10670401600000001
2788.608790936472	0.106504576
2790.5372893760637	0.106319248
2792.465787815655	0.10616070400000001
2794.3942862552467	0.106030016
2796.3227846948384	0.10591664
2798.2512831344297	0.10580456
2800.1797815740215	0.105680888
2802.1082800136132	0.10554313600000001
2804.0367784532045	0.10540001600000001
2805.9652768927963	0.105266808
2807.893775332388	0.10515664000000001
2809.8222737719793	0.10507360800000001
2811.750772211571	0.10501032
2813.679270651163	0.104952104
2815.607769090754	0.10488464
2817.536267530346	0.10480164800000001
2819.4647659699376	0.10470739200000001
2821.3932644095294	0.10461373600000001
2823.3217628491207	0.10453284
2825.2502612887124	0.10446999200000001
2827.178759728304	0.104420232
2829.1072581678955	0.10437093600000001
2831.035756607487	0.104307864
2832.964255047079	0.104222008
2834.8927534866702	0.104112904
2836.821251926262	0.103987616
2838.7497503658537	0.103855848
2840.678248805445	0.103724832
2842.606747245037	0.103596408
2844.5352456846285	0.103468768
2846.46374412422	0.10334011200000001
2848.3922425638116	0.10321274400000001
2850.3207410034033	0.103093608
2852.2492394429946	0.10299206400000001
2854.1777378825864	0.102915064
2856.106236322178	0.10286341600000001
2858.0347347617694	0.10283157600000001
2859.963233201361	0.102810704
2861.891731640953	0.102793512
2863.8202300805447	0.10277792000000001
2865.748728520136	0.102766168
2867.6772269597277	0.10276096000000001
2869.6057253993195	0.102759664
2871.5342238389107	0.102751568
2873.4627222785025	0.10271967200000001
2875.3912207180942	0.10264751200000001
2877.3197191576855	0.102527056
2879.2482175972773	0.10236405600000001
2881.176716036869	0.102176864
2883.1052144764603	0.101989384
2885.033712916052	0.10182089600000001
2886.962211355644	0.101678192
2888.890709795235	0.10155340800000001
2890.819208234827	0.101429472
2892.7477066744186	0.10128968
2894.67620511401	0.10112734400000001
2896.6047035536017	0.10094974400000001
2898.5332019931934	0.100775472
2900.461700432785	0.10062638400000001
2902.3901988723765	0.100518416
2904.318697311968	0.100454992
2906.24719575156	0.10042688000000001
2908.1756941911513	0.100417264
2910.104192630743	0.10040897600000001
2912.0326910703347	0.10039017600000001
2913.961189509926	0.10035650400000001
2915.889687949518	0.10030918400000001
2917.8181863891095	0.100252008
2919.746684828701	0.10018892
2921.6751832682926	0.10012377600000001
2923.6036817078843	0.100061008
2925.5321801474756	0.100006152
2927.4606785870674	0.09996444
2929.389177026659	0.099938072
2931.3176754662504	0.099923704
2933.246173905842	0.099912784
2935.174672345434	0.09989476000000001
2937.1031707850257	0.099817864
2939.031669224617	0.099769776
2940.9601676642087	0.099731728
2942.8886661038005	0.099712752
2944.8171645433918	0.09971036000000001
2946.7456629829835	0.099708656
2948.6741614225753	0.09961132
2950.6026598621665	0.09948214400000001
2952.5311583017583	0.099302728
2954.45965674135	0.099095288
2956.3881551809413	0.09888807200000001
2958.316653620533	0.098704232
2960.245152060125	0.09843433600000001
2962.173650499716	0.098334744
2964.102148939308	0.098246496
2966.0306473788996	0.09816849600000001
2967.959145818491	0.098106488
2969.8876442580827	0.09806700800000001
2971.8161426976744	0.098040392
2973.744641137266	0.098019752
2975.6731395768575	0.09796753600000001
2977.601638016449	0.09787632800000001
2979.530136456041	0.09775788
2981.4586348956323	0.09763992
2983.387133335224	0.097528136
2985.3156317748158	0.09756250400000001
2987.244130214407	0.097641632
2989.172628653999	0.097735128
2991.1011270935905	0.09781112
2993.029625533182	0.097847712
2994.9581239727736	0.09778164
2996.8866224123653	0.097688416
2998.8151208519566	0.097561408
3000.7436192915484	0.097402288
3002.67211773114	0.09721547200000001
3004.6006161707314	0.097014712
3006.529114610323	0.09668132
3008.457613049915	0.09660844
3010.386111489506	0.096616792
3012.314609929098	0.096692304
3014.2431083686897	0.096801392
3016.1716068082815	0.096905168
3018.1001052478728	0.097008352
3020.0286036874645	0.0970198
3021.9571021270563	0.097038544
3023.8856005666476	0.097087744
3025.8140990062393	0.09717288
3027.742597445831	0.09727861600000001
3029.6710958854223	0.09744480000000001
3031.599594325014	0.097470176
3033.528092764606	0.09746220000000001
3035.456591204197	0.097441648
3037.385089643789	0.097428816
3039.3135880833806	0.09743338400000001
3041.242086522972	0.097471176
3043.1705849625637	0.09748500800000001
3045.0990834021554	0.097496488
3047.0275818417467	0.097520384
3048.9560802813385	0.09757365600000001
3050.88457872093	0.097662784
3052.813077160522	0.09788358400000001
3054.7415756001133	0.097952624
3056.670074039705	0.097961056
3058.5985724792968	0.097911736
3060.527070918888	0.097832736
3062.45556935848	0.09776622400000001
3064.3840677980716	0.097800776
3066.312566237663	0.097911064
3068.2410646772546	0.09805391200000001
3070.1695631168463	0.09819915200000001
3072.0980615564376	0.098327576
3074.0265599960294	0.09843726400000001
3075.955058435621	0.09864842400000001
3077.8835568752124	0.09876878400000001
3079.812055314804	0.098893176
3081.740553754396	0.09900586400000001
3083.669052193987	0.099092752
3085.597550633579	0.099150208
3087.5260490731707	0.09921644800000001
3089.4545475127625	0.09925072800000001
3091.3830459523538	0.09928909600000001
3093.3115443919455	0.09931975200000001
3095.2400428315373	0.099327488
3097.1685412711286	0.099304392
3099.0970397107203	0.09920732800000001
3101.025538150312	0.09917883200000001
3102.9540365899034	0.099188624
3104.882535029495	0.09923656800000001
3106.811033469087	0.09930588800000001
3108.739531908678	0.09937243200000001
3110.66803034827	0.09943472
3112.5965287878616	0.099433144
3114.525027227453	0.09942488000000001
3116.4535256670447	0.0994154
3118.3820241066364	0.099397624
3120.3105225462277	0.09935564000000001
3122.2390209858195	0.099168776
3124.1675194254112	0.09905960000000001
3126.096017865003	0.098997184
3128.0245163045943	0.09902822400000001
3129.953014744186	0.09917711200000001
3131.8815131837778	0.099432
3133.810011623369	0.10005385600000001
3135.738510062961	0.10029844
3137.6670085025526	0.10045047200000001
3139.595506942144	0.10051612800000001
3141.5240053817356	0.10052717600000001
3143.4525038213274	0.100521176
3145.3810022609186	0.100523128
3147.3095007005104	0.100536944
3149.237999140102	0.10055067200000001
3151.1664975796934	0.10055013600000001
3153.094996019285	0.10053289600000001
3155.023494458877	0.10051296000000001
3156.9519928984682	0.10051502400000001
3158.88049133806	0.10056044800000001
3160.8089897776517	0.1006548
3162.737488217243	0.100783144
3164.665986656835	0.100916952
3166.5944850964265	0.101027536
3168.5229835360183	0.10109968800000001
3170.4514819756096	0.101136128
3172.3799804152013	0.10115246400000001
3174.308478854793	0.10116580800000001
3176.2369772943844	0.101185168
3178.165475733976	0.10120894400000001
3180.093974173568	0.101230976
3182.022472613159	0.10125023200000001
3183.950971052751	0.10127733600000001
3185.8794694923427	0.10133232
3187.807967931934	0.10143428800000001
3189.7364663715257	0.101587992
3191.6649648111174	0.10177620000000001
3193.5934632507087	0.10196342400000001
3195.5219616903005	0.10211102400000001
3197.4504601298922	0.10219563200000001
3199.3789585694835	0.102221592
3201.3074570090753	0.102219136
3203.235955448667	0.102230816
3205.164453888259	0.10229212800000001
3207.09295232785	0.10241717600000001
3209.021450767442	0.102595112
3210.9499492070336	0.102798784
3212.878447646625	0.103000744
3214.8069460862166	0.103187392
3216.7354445258084	0.103363408
3218.6639429653997	0.10354476
3220.5924414049914	0.10374501600000001
3222.520939844583	0.10396492
3224.4494382841744	0.10419104800000001
3226.377936723766	0.104404904
3228.306435163358	0.104595568
3230.2349336029492	0.10476900800000001
3232.163432042541	0.10494652800000001
3234.0919304821327	0.105154248
3236.020428921724	0.105408336
3237.948927361316	0.10570547200000001
3239.8774258009075	0.10602356800000001
3241.8059242404993	0.10633358400000001
3243.7344226800906	0.106614368
3245.6629211196823	0.106862592
3247.591419559274	0.10709120800000001
3249.5199179988654	0.10731840000000001
3251.448416438457	0.10755336800000001
3253.376914878049	0.107788376
3255.30541331764	0.10800327200000001
3257.233911757232	0.108180784
3259.1624101968237	0.108323056
3261.090908636415	0.10845952
3263.0194070760067	0.10863879200000001
3264.9479055155984	0.10890896800000001
3266.8764039551897	0.109294504
3268.8049023947815	0.109781872
3270.7334008343732	0.11032121600000001
3272.6618992739645	0.11084614400000001
3274.5903977135563	0.11130304
3276.518896153148	0.111675784
3278.44739459274	0.11199007200000001
3280.375893032331	0.11229660000000001
3282.304391471923	0.11264249600000001
3284.2328899115146	0.11304815200000001
3286.161388351106	0.11349977600000001
3288.0898867906976	0.113959552
3290.0183852302894	0.11438640800000001
3291.9468836698807	0.11475728
3293.8753821094724	0.115077512
3295.803880549064	0.11537667200000001
3297.7323789886555	0.11569148000000001
3299.660877428247	0.11604684800000001
3301.589375867839	0.11644644800000001
3303.5178743074302	0.116878432
3305.446372747022	0.11732928000000001
3307.3748711866137	0.117795512
3309.303369626205	0.11828460800000001
3311.231868065797	0.11880586400000001
3313.1603665053885	0.11935572800000001
3315.08886494498	0.119908632
3317.0173633845716	0.12042184
3318.9458618241633	0.12085624
3320.874360263755	0.12120121600000001
3322.8028587033464	0.121488336
3324.731357142938	0.121781336
3326.65985558253	0.122151224
3328.588354022121	0.12264614400000001
3330.516852461713	0.12326858400000001
3332.4453509013047	0.12396583200000001
3334.373849340896	0.124642632
3336.3023477804877	0.12519828800000002
3338.2308462200795	0.125575456
3340.1593446596708	0.125788528
3342.0878430992625	0.125910712
3344.0163415388542	0.126031352
3345.9448399784455	0.126216544
3347.8733384180373	0.12649248000000002
3349.801836857629	0.12685126400000002
3351.7303352972203	0.127267064
3353.658833736812	0.127714072
3355.587332176404	0.128176552
3357.5158306159956	0.12864992
3359.444329055587	0.12913164000000002
3361.3728274951786	0.129611272
3363.3013259347704	0.13006796
3365.2298243743617	0.13048164
3367.1583228139534	0.130848648
3369.086821253545	0.131191472
3371.0153196931365	0.13155444800000002
3372.943818132728	0.1319876
3374.87231657232	0.132524312
3376.8008150119113	0.13316323200000002
3378.729313451503	0.13386124800000002
3380.6578118910948	0.13454537600000002
3382.586310330686	0.135140448
3384.514808770278	0.13560232
3386.4433072098695	0.13593475200000002
3388.371805649461	0.136179472
3390.3003040890526	0.13638539200000002
3392.2288025286443	0.13657908800000002
3394.157300968236	0.136752592
3396.0857994078274	0.136876304
3398.014297847419	0.136926864
3399.942796287011	0.136914784
3401.871294726602	0.13688876800000002
3403.799793166194	0.136915904
3405.7282916057857	0.13705096
3407.656790045377	0.13731880000000002
3409.5852884849687	0.137714048
3411.5137869245605	0.138212064
3413.4422853641518	0.138778736
3415.3707838037435	0.139374992
3417.2992822433353	0.13995488
3419.2277806829266	0.140465104
3421.1562791225183	0.14085444800000002
3423.08477756211	0.141095712
3425.0132760017013	0.14120195200000002
3426.941774441293	0.14122425600000002
3428.870272880885	0.141236464
3430.7987713204766	0.14132281600000002
3432.727269760068	0.14157096
3434.6557681996596	0.14206696000000002
3436.5842666392514	0.142882496
3438.5127650788427	0.144049904
3440.4412635184344	0.1455288
3442.369761958026	0.14719078400000002
3444.2982603976175	0.14885852800000002
3446.226758837209	0.150398368
3448.155257276801	0.15179584000000002
3450.0837557163923	0.153150096
3452.012254155984	0.15460726400000002
3453.9407525955758	0.156295488
3455.869251035167	0.158289136
3457.797749474759	0.160598352
3459.7262479143506	0.16317467200000002
3461.654746353942	0.16593412800000001
3463.5832447935336	0.16879500800000002
3465.5117432331253	0.171716384
3467.440241672717	0.17471656000000002
3469.3687401123084	0.1778672
3471.2972385519	0.18127176
3473.225736991492	0.185041328
3475.154235431083	0.189267456
3477.082733870675	0.193987984
3479.0112323102667	0.199151664
3480.939730749858	0.20460392000000002
3482.8682291894497	0.21011806400000002
3484.7967276290415	0.215467296
3486.7252260686328	0.220492128
3488.6537245082245	0.22512398400000003
3490.5822229478163	0.22936048
3492.5107213874076	0.23321939200000003
3494.4392198269993	0.236689904
3496.367718266591	0.239695696
3498.2962167061823	0.242076544
3500.224715145774	0.243608432
3502.153213585366	0.244075488
3504.081712024957	0.243393936
3506.010210464549	0.241749824
3507.9387089041406	0.23969932800000002
3509.8672073437324	0.23818449600000002
3511.7957057833237	0.23843724800000002
3513.7242042229154	0.241744064
3515.652702662507	0.24907060800000003
3517.5812011020985	0.26062059200000004
3519.50969954169	0.2755576
3521.438197981282	0.292157408
3523.3666964208733	0.308420128
3525.295194860465	0.322785696
3527.2236933000568	0.33452252800000004
3529.152191739648	0.343667616
3531.08069017924	0.350714752
3533.0091886188316	0.356289024
3534.937687058423	0.36092819200000004
3536.8661854980146	0.36498630400000004
3538.7946839376064	0.368631776
3540.7231823771976	0.37191136
3542.6516808167894	0.37483456000000004
3544.580179256381	0.37744035200000003
3546.508677695973	0.379812768
3548.437176135564	0.38205097600000004
3550.365674575156	0.384221024
3552.2941730147477	0.38632550400000004
3554.222671454339	0.38831241600000005
3556.1511698939307	0.390119616
3558.0796683335225	0.391729152
3560.0081667731138	0.39319808
3561.9366652127055	0.39465203200000004
3563.8651636522973	0.39624419200000005
3565.7936620918886	0.39809696
3567.7221605314803	0.400237856
3569.650658971072	0.402555616
3571.5791574106634	0.40481593600000004
3573.507655850255	0.40676899200000005
3575.436154289847	0.40829136000000005
3577.364652729438	0.409448672
3579.29315116903	0.41043056
3581.2216496086216	0.41143724800000003
3583.1501480482134	0.41259395200000004
3585.0786464878047	0.41391699200000004
3587.0071449273964	0.415318528
3588.935643366988	0.41665059200000004
3590.8641418065795	0.417783552
3592.7926402461712	0.418683552
3594.721138685763	0.41942668800000005
3596.6496371253543	0.420142528
3598.578135564946	0.42093852800000003
3600.506634004538	0.421857248
3602.435132444129	0.42287049600000004
3604.363630883721	0.42390067200000003
3606.2921293233126	0.42486006400000004
3608.220627762904	0.425695072
3610.1491262024956	0.426410496
3612.0776246420874	0.427057216
3614.0061230816787	0.42769468800000005
3615.9346215212704	0.42836249600000004
3617.863119960862	0.429075392
3619.791618400454	0.42983843200000005
3621.720116840045	0.430662496
3623.648615279637	0.431570816
3625.5771137192287	0.432587104
3627.50561215882	0.433715104
3629.4341105984117	0.43492358400000003
3631.3626090380035	0.4361528
3633.291107477595	0.43733296000000005
3635.2196059171865	0.438410752
3637.1481043567783	0.43936748800000003
3639.0766027963696	0.440229152
3641.0051012359613	0.44105414400000004
3642.933599675553	0.44190796800000004
3644.8620981151444	0.44283286400000005
3646.790596554736	0.443835552
3648.719094994328	0.44489212800000005
3650.647593433919	0.445966464
3652.576091873511	0.44702800000000004
3654.5045903131027	0.44806384000000005
3656.433088752694	0.44907715200000003
3658.3615871922857	0.45007926400000003
3660.2900856318774	0.45107734400000005
3662.218584071469	0.45206912000000005
3664.1470825110605	0.45304192000000004
3666.0755809506522	0.45397862400000005
3668.004079390244	0.454863232
3669.9325778298353	0.45568649600000005
3671.861076269427	0.45644368
3673.789574709019	0.457135008
3675.71807314861	0.45776336
3677.646571588202	0.45833648000000005
3679.5750700277936	0.458871456
3681.503568467385	0.459398336
3683.4320669069766	0.45995923200000005
3685.3605653465684	0.46060195200000004
3687.2890637861597	0.46136579200000005
3689.2175622257514	0.46226480000000003
3691.146060665343	0.46327408000000003
3693.0745591049345	0.46433257600000005
3695.003057544526	0.46536278400000003
3696.931555984118	0.466302912
3698.8600544237097	0.467130784
3700.788552863301	0.46786976
3702.7170513028927	0.468571744
3704.6455497424845	0.46929356800000005
3706.574048182076	0.47007379200000005
3708.5025466216675	0.47092403200000005
3710.4310450612593	0.47183168000000003
3712.3595435008506	0.47277257600000006
3714.2880419404423	0.473722464
3716.216540380034	0.474664576
3718.1450388196254	0.475587872
3720.073537259217	0.47648208000000003
3722.002035698809	0.47733398400000004
3723.9305341384	0.478129568
3725.859032577992	0.47886025600000004
3727.7875310175837	0.479530304
3729.716029457175	0.48015820800000003
3731.6445278967667	0.48077145600000004
3733.5730263363585	0.481394816
3735.50152477595	0.48204060800000004
3737.4300232155415	0.48270332800000004
3739.3585216551332	0.483366112
3741.287020094725	0.48401264000000005
3743.2155185343163	0.484641568
3745.144016973908	0.485272032
3747.0725154135	0.48593849600000005
3749.001013853091	0.48667344
3750.929512292683	0.48749126400000004
3752.8580107322746	0.488377216
3754.786509171866	0.48929248000000003
3756.7150076114576	0.490188928
3758.6435060510494	0.491030624
3760.5720044906407	0.491806752
3762.5005029302324	0.492534432
3764.429001369824	0.49324700800000004
3766.3574998094155	0.49397660800000004
3768.285998249007	0.49473984000000004
3770.214496688599	0.49553420800000003
3772.1429951281907	0.0
3774.071493567782	1.1136e-320
3775.9999920073737	8.4e-323
3777.9284904469655	1.1136e-320
3779.856988886557	0.0
3781.7854873261485	1.1136e-320
3783.7139857657403	1.1136e-320
3785.6424842053316	1.1136e-320
3787.5709826449233	0.0
3789.499481084515	8.4e-323
3791.4279795241064	NaN
3793.356477963698	1.1136e-320
3795.28497640329	0.0
3797.213474842881	2.0e-323
3799.141973282473	0.0
3801.0704717220647	1.1136e-320
3802.998970161656	8.4e-323
3804.9274686012477	1.1136e-320
3806.8559670408395	6.9523e-319
3808.784465480431	0.0
3810.7129639200225	2.690185026e-315
3812.6414623596143	1.1136e-320
3814.569960799206	1.1136e-320
3816.4984592387973	8.4e-323
3818.426957678389	2.0e-323
3820.355456117981	1.113e-320
3822.283954557572	6.9521e-319
3824.212452997164	2.0e-323
3826.1409514367556	0.0
3828.069449876347	1.1136e-320
3829.9979483159386	8.4e-323
3831.9264467555304	1.46e-321
3833.8549451951217	0.0
3835.7834436347134	1.112e-320
3837.711942074305	2.0e-323
3839.6404405138965	0.0
3841.568938953488	1.1136e-320
3843.49743739308	8.4e-323
3845.4259358326713	1.1136e-320
3847.354434272263	1.1136e-320
3849.2829327118548	0.0
3851.2114311514465	2.0e-323
3853.139929591038	0.0
3855.0684280306295	1.1136e-320
3856.9969264702213	8.4e-323
3858.9254249098126	1.59e-321
3860.8539233494043	0.0
3862.782421788996	1.112e-320
3864.7109202285874	2.0e-323
3866.639418668179	0.0
3868.567917107771	1.1136e-320
3870.496415547362	8.4e-323
3872.424913986954	0.0
3874.3534124265457	1.1136e-320
3876.281910866137	1.1136e-320
3878.2104093057287	2.0e-323
3880.1389077453205	0.0
3882.0674061849118	1.1136e-320
3883.9959046245035	8.4e-323
3885.9244030640953	2.144e-321
3887.852901503687	1.1136e-320
3889.7813999432783	1.112e-320
3891.70989838287	2.0e-323
3893.638396822462	0.0
3895.566895262053	1.1136e-320
3897.495393701645	8.4e-323
3899.4238921412366	4.372e-321
3901.352390580828	1.112e-320
3903.2808890204196	1.112e-320
3905.2093874600114	2.0e-323
3907.1378858996027	0.0
3909.0663843391944	1.1136e-320
3910.994882778786	8.4e-323
3912.9233812183775	1.112e-320
3914.851879657969	6.9523e-319
3916.780378097561	0.0
3918.7088765371523	2.0e-323
3920.637374976744	0.0
3922.5658734163358	1.1136e-320
3924.4943718559275	8.4e-323
3926.422870295519	NaN
3928.3513687351106	1.1136e-320
3930.2798671747023	6.9523e-319
3932.2083656142936	2.0e-323
3934.1368640538853	0.0
3936.065362493477	1.1136e-320
3937.9938609330684	8.4e-323
3939.92235937266	1.1136e-320
3941.850857812252	0.0
3943.779356251843	1.1136e-320
3945.707854691435	2.0e-323
3947.6363531310267	0.0
3949.564851570618	1.1136e-320
3951.4933500102097	8.4e-323
3953.4218484498015	1.59e-321
3955.3503468893928	1.1136e-320
3957.2788453289845	0.0
3959.2073437685763	2.0e-323
3961.135842208168	0.0
3963.0643406477593	1.1136e-320
3964.992839087351	8.4e-323
3966.921337526943	NaN
3968.849835966534	0.0
3970.778334406126	6.9521e-319
3972.7068328457176	2.0e-323
3974.635331285309	0.0
3976.5638297249006	1.1136e-320
3978.4923281644924	8.4e-323
3980.4208266040837	3.115052574208365e-238
3982.3493250436754	0.0
3984.277823483267	0.0
3986.2063219228585	0.0
3988.1348203624502	0.0
3990.063318802042	0.0
3991.9918172416333	0.0
3993.920315681225	0.0
3995.8488141208168	0.0
3997.777312560408	0.0
3999.705811	0.0
